398 155511 50111111121

1111. 6666161611. 8616. Lysimachus 255, 55 016. 15.
125‚11. 1866. 1961611192, 261, 4. 2661611. 381, 6.
15. 1619. 1964. 26611. 269,
25. 21611616. 281,1. 281, 5. Macedo 21, 11. 6611. 14116.
28611. 29616. 192,16. 21611. 261, 5. 282,6.
33614. 336, 4. 11. 16. - Ma·
ccdcnss 614. 8,6. 61112,
Lacedaemonii 31, 11. 22. 46, 16. 261111. 24,15. 26, 9. 19.
11. 162,1. 16611114. 164, 266. 16. 11. 2614. 29, 5. 46,
1116. 1661611. · 1. 161116. 46,15. 4616. 11. 61.
Lacones 1661112161, 49,16.19. 61,11. 62,11. 64,16.
Lsnice 264, 5. 21. 55, 5. 12. 661. 15. 55, 11.
Leomcdcn 386, 55. 60,1.14.16. 6619. 64, 25. 58,
Leonidas 21611. 16. 69, 55. 861616. 86, 6. 15.
Leonnatus 32,11.11. 361. 88,4.11. 92,11, 9611. 1611.
18611. 261, 4. 216, 16. 303, 91, 6. 55. 9619. 10611411.
1. 321, 1111. 344, 55. 34619. 104,9.16. 1066. 116616. 114,
1134611. 319,1. 38616. 381, 1. 11619. 11616. 11614. 122,
16. 381, 1. 16. 124,11. 126, 4. 13611.
1611116611. 133, 6. 9. 13611. 16611.
Leucosyri 16611. 14. 164,16.1669.169,19. 111,
111111114616. 49,11. 362,16. 14. 181,16. 1861416. 18616.
Liber Pater 2611. 34,1. 242, 16. 19611. 194,16. 1966. 206,
15. 26616. 2161911. 216111 1. 212,4.211,1.219,16.226,1.
281, 6. 2861411. 289, s. 3161 221, 5. 15. 15. 230, 25. 231, 15.
55. 32614. 331, 11. 3461. 15. 23616. 24611. 14. 2461.
Locrenses 90,11. 244,11. 24614. 24614. 262,
111611166614. 15. 26616. 254,14. 269, 11.
Lycia 3,1. 122, 11. 2461. 2666. 261,1.264,1. 26616.
38614. 269, 6. 210, 4. 16. 211, 6. 213,
Lycius 122,15. 13616. 611. 21611. 2164. 2161.
Lycus, amnis Phrygiae in 1619. 28641111. 28611. 288,
Maeandrum influens, qui 1. 2961. 29611. 2961111.
111611Μ6161661116116111,4,4. 2961. 3061. 19. 31616. 311,
Lycus, amnis Armeniae, qui 11. 31611. 31614. 3169. 321,
in Tigrim influit, 161. 102, 15. 323,1.324,11.321,11. 535,
61161. Ι 15. 166, 11. 55. 5555. 64111.
Lydis 12, 25. 461111. 58,15.! 346, 6. 36611. 361, 16. 362,
15. 80,25. 16614. 11616. 2361 1111 bic. 31616. 19. 55. 316,
25. 381, 1. 51. 3161. 31616. 38616. 382,
Lydi 9611. Ϋ 14. 3861. 3866. 38611.
Lyncestae,genssslyricc,90,5. Macedonis 616. 1619. 20,
Lyncestes vid. Alexander 1. 40,11.21. 4611. 64,11. 81,
Lyncestes et Amyntas Lyn· 55. 11661161619616. 161,
cestcs. 1 15. 11611. 1861. 20616. 216·
Lyrnesus 14,1. · 25. 24611. 21611. 3069. 320,

 

