INDEX NOMINUM · 397

Hammo 6511. 6511. 651. Hyrcani 'l‚4. 251.

1851. 19511. 19514. 36511. Hyrcania 58,1. 1451. 159,
Hammonii 6511. 11. 16511. 1551. 16511. 165,
Harpalus 32514. 55511. 11. 16511. 1651. 11. 2651.
Η1111111111269,1.11. Hyrcanium mare quidam
Hecataeus 204, 11. Caspium appellantcidIIare.
Hecatompylos 15511. Hystanes 3514.

Hector 751. a. 18515. Hystaspes 1551.
Hegelochus, praetor Ale-

111111, 511. 5511. 65114. Illyricum 17511.
Hegelochus, familiaris Par· Illyrii 2511. 2511. 9511.

munionis, 1951111. 1051. 15511. 25511. 3351.
Hegesimachus 299, a. 9654.

Hellanicus 11514. Imbrus 6511.
Hellespontus 511. 6, 1.Ι 15, India 11511. 16511. 174, a.

11. 151. 4511. 451. 5511. 2051. 21511, 22511. 2451.

5511. 8511. 9511. 15511. 2651. 2851111. 28511. 284,

161, 1. 31511. 33511. 3851. r. 2851. 30511. 3151. 314,
Heneti 51. 11. 31511. 32511. 321, 14.
Hephaestiusflephaestion 825111. 33511. 33511. 338,

3511. 35, 1. 41, 11. 11. 11. 58, 11. 34511. 3551. 35511. 3851.

11. 1051. 15511. 18511. 193, Indicus 26514. 33511.

11. 14. 23511. 24511. 251, a. Indicum mare oid. Mare.

25511. 25514. 2851. 295, Indus 29511. 31511. 32511.

11. 11. 29511. 303, 4. 31511. -111111511 2511551. 71,

34518. 3751. 11. 81, 11. 8511. 137, 4. 157,
Heracon 350, 2. 11. 1651. 21515. 2351. 281,
Hercules 2511. 35, 4. 451. 11. 2851. 2951. 14. 2951.

4511. 554. 7511. 2751111. 2951111. 299, a. 11. 301, 14.

27511. 2851. 2954. 30511. 3051111. 3051113054. 318,

11511. aeus 11511. 11511. 11. 1141. 11511. 11511119,
Hermolaus 27511. 275111. 1. 3451111.

27511. 11. 1111. 275 1. 11. Indus amnis 28511. 28511.

2851. 29511. 29511. 32511.
Hiberia 35511. Iolaus 17511.

Hiberus 55511. 101111 38511. 389, 5.
Hispaniae 35514. Iomanes 28511.

Hister 81,1a. 231, 11. Ionos 5511. 15511.
Ηο11291,11. 1111111 coloniae Graecorum
Horitas 84511. 34511. 4511.

Hydarnes 5514. Iphicrates 3510.
Hydaspes 29511. 29511. 1111119,11.11.19.22,11.44,11.

2951. 31511, 321, a. 11. Ister oid. Hister.

Hypasis 31514. Isthmiorum ludicrum 59, a,
Hypsicles 2351. 11. 111111 256, e. 35511.
Hyraotis 310, 4. Iuppiter 51. 1511. 854. 65,

 

