INDEX NOMINUM 395

Corratas 555, 54.
Corycium nemus 14, 5.
Cossaei 84,15.

Cous 5, 55.

0111111191,14.11. 49,11. 51,
1. 90, 11. 199,11.1ο. 194,11.
1911. 13011. 161,11. 165,1.
179,11. 173,11. 178,11. 179,
11. 180, 55. 193,11. 111111.
194,11. 999,11. 1311, 939,
14. 943,11.11. 919, 1. 969,1.
987,11.11. 3301. 337,14. 347,

15. 351,15. 379,1. 388,14.
Creta 4111. 71, e. 357,11.

Cretenses 4114. - i. e. mi-
lites in exercitu Alexandri

17, 5. 19, 5. ,90,11. 91,1. 14.
99,11 11. 931111. 94,1. 91,
1ο. 97,11. 98,11.11. 99,1. 30,
1. 1. 11. 11. 31,1.11.11. 39,1.1.
11. 33,1.1.1. 34,11.11. 3511.
31111. 37, 1. 11. 38, 5. 39, 1.
40, 5. 5. 15. 41‚14. 45,1. 57,11.
19,1411. 61,11. 63,1. 71, 4.
14. 11. 71, 11. 77,14.11.11. 73,
1. 5. 15. 11. 11. 79, 1. 80, 14. 11.
81,1. 11. 89, a. 83,11. 11. 85,
4. 11. 87,14. 91,11. 11. 93,1.
911111. 97,1. 9811. 99,1111.
100,1.1.11. 101,1. 109,1. 103,
1. 106, 4. 1. 110,1. 11111. 11.
116,1.1. 15. 119,1.1.11. 130

11. 13311. 135,11. 136,11.14.
13111. 138, 1. 11. 11. 139,1.
11. 11. 11. 11. 140,1. 11. 141,11.
11. 149,11.11. 144,11.11. 145,
1. 1. 11. 146, 4. 15. 147,1. 14.
151, 1. 1111111411. 119,11.
160, 15. 15. 101,14. 169,14.11.
163,1.1. 16111. 16111. 166,
515. 168, 4. 1. 1. 109, 11. 170,
1. 11. 11. 15555. 136,1. 919,1.
9111. 99311. 994,1. 996, 4.
Cyropolis 999,11. 930,1.Ι 111. 997,4. 939,11. 945,4.
0111111911.84,1.95,11,130, 957, 5. 968,11. 330,11. 354,

11. 160,14. 9111111. 998,11. 14. 369,11. 379,1.11,11.11.11.

930,4. 353, 5. 314,11. 11. Datapherncs 993, 14. 15.

96111.

Daedala 989,11. Demetrius 11514. 189,11.
Dahae 83, 54. 150, 5. 11111. 196, 55. 197, 4. 1.

93111. 252, 5. 14. 9631. 254, Democrates Atheniensis

11. 301,14. 316,1. 166, 1.
Damaraxus 99111. Demophon 394,11.
Damascus 99,11. 35,1.11.11. Derbices 7,1.

39, 15. 81,11. 011111199814. 919,11.
Damyllus, Megalopolitanus, Diardines 983,14.

38313. Didymeon 994,11.

Dareus, Hystaspis filius, 97,1. Dioxippus Atheniensis 335,
40,11. 199,1. 376,1. 11. 11. 336, 4. 1. 11. 11. 337,1.
Dareus Oodmnaaaus 4,11.11. 0111311173,11.311,14.961,1.

1,14. 6,11. 8,11. 9,11. 10‚5.lD10p1des 37,11.
11,11.19,11. 111111. 16,1.11. t Dymnus 174,1.11. 11. 171,1.

90,11. 9111. - Cretenses
sagittarii 90,11. - Cretensis
miles 20‚15.
Critobulus 398,11.11.
Croesus 19,11.
Cydnus 13,14.11. 14, 25.
Cymaeus 196,11.
Cyprii 51,1. 71, 4, 30111.
Cyprus 4313. 51, 5.
Cyrenenses 66,3. -
Cyri castra 5. Castra.

 

